%YAML:1.0
cameraMatrix: !!opencv-matrix
   rows: 3
   cols: 3
   dt: d
   data: [ 8.4308588531840110e+02, 0., 3.2829797344180542e+02, 0.,
       8.4329217362252302e+02, 2.1192220664712991e+02, 0., 0., 1. ]
imageSize_width: 640
imageSize_height: 480
sensorSize_width: 0
sensorSize_height: 0
distCoeffs: !!opencv-matrix
   rows: 5
   cols: 1
   dt: d
   data: [ -1.9715752673868488e-02, 4.3815900773003252e-01,
       -4.6182238913995812e-03, 1.5534541615005315e-04,
       -2.1551889207044406e+00 ]
reprojectionError: 2.0998857915401459e-01
features:
   - [ [ 5.20383179e+02, 2.48833771e+02, 4.72460297e+02, 2.47590240e+02,
       4.25209869e+02, 2.46455627e+02, 3.78058624e+02, 2.45259521e+02,
       3.31543365e+02, 2.43825760e+02, 2.85306549e+02, 2.42750809e+02,
       2.39206528e+02, 2.41656525e+02, 1.93737579e+02, 2.40239044e+02,
       5.22368347e+02, 2.01612076e+02, 4.74022827e+02, 2.00588989e+02,
       4.26422607e+02, 1.99514694e+02, 3.79059326e+02, 1.98504013e+02,
       3.32328400e+02, 1.97450729e+02, 2.85830597e+02, 1.96325333e+02,
       2.39552689e+02, 1.95300064e+02, 1.93665405e+02, 1.94346207e+02,
       5.23881653e+02, 1.53607010e+02, 4.75547394e+02, 1.52793182e+02,
       4.27701813e+02, 1.52055878e+02, 3.80029175e+02, 1.51240570e+02,
       3.33075562e+02, 1.50367584e+02, 2.86347198e+02, 1.49418488e+02,
       2.39811447e+02, 1.48599838e+02, 1.93843826e+02, 1.47649063e+02,
       5.25732422e+02, 1.05376472e+02, 4.77300201e+02, 1.04662575e+02,
       4.28886871e+02, 1.04247635e+02, 3.81167694e+02, 1.03517754e+02,
       3.33817780e+02, 1.03026276e+02, 2.86784332e+02, 1.02218597e+02,
       2.40304001e+02, 1.01565392e+02, 1.93968094e+02, 1.00799454e+02,
       5.27382202e+02, 5.65732079e+01, 4.78557739e+02, 5.63026237e+01,
       4.30277252e+02, 5.58357658e+01, 3.82197021e+02, 5.54721146e+01,
       3.34566071e+02, 5.50550194e+01, 2.87384827e+02, 5.45729408e+01,
       2.40486053e+02, 5.39880257e+01, 1.94156967e+02, 5.35114021e+01 ] ]
   - [ [ 5.26221680e+02, 2.59558563e+02, 4.77274719e+02, 2.55169006e+02,
       4.29421539e+02, 2.50761581e+02, 3.82464233e+02, 2.46414474e+02,
       3.36589783e+02, 2.42159988e+02, 2.91441437e+02, 2.38178177e+02,
       2.46933319e+02, 2.34286392e+02, 2.04095688e+02, 2.29971237e+02,
       5.30723633e+02, 2.11832886e+02, 4.81336426e+02, 2.07712067e+02,
       4.32850281e+02, 2.03805573e+02, 3.85437256e+02, 2.00133194e+02,
       3.39227386e+02, 1.96186600e+02, 2.93824402e+02, 1.92355286e+02,
       2.48984039e+02, 1.88743393e+02, 2.05310867e+02, 1.85289185e+02,
       5.35407166e+02, 1.62789124e+02, 4.85429291e+02, 1.59370911e+02,
       4.36549622e+02, 1.55923737e+02, 3.88575653e+02, 1.52518143e+02,
       3.41782776e+02, 1.49271484e+02, 2.96049133e+02, 1.45840408e+02,
       2.50938202e+02, 1.42717743e+02, 2.06861633e+02, 1.39535583e+02,
       5.40080688e+02, 1.13205368e+02, 4.89598236e+02, 1.10159630e+02,
       4.40280243e+02, 1.07315857e+02, 3.91812378e+02, 1.04348801e+02,
       3.44681091e+02, 1.01545670e+02, 2.98431244e+02, 9.87346573e+01,
       2.53095367e+02, 9.59221420e+01, 2.08440033e+02, 9.32660522e+01,
       5.44889587e+02, 6.24704399e+01, 4.93805237e+02, 6.02218132e+01,
       4.44097443e+02, 5.76973038e+01, 3.95267670e+02, 5.53698158e+01,
       3.47515350e+02, 5.31590347e+01, 3.00712341e+02, 5.06111221e+01,
       2.54756851e+02, 4.85052261e+01, 2.10254333e+02, 4.61554222e+01 ] ]
   - [ [ 5.13997681e+02, 2.10455658e+02, 4.71668243e+02, 2.14066116e+02,
       4.28865509e+02, 2.17714294e+02, 3.85404480e+02, 2.21477219e+02,
       3.41541412e+02, 2.25249817e+02, 2.97293365e+02, 2.28897552e+02,
       2.52387772e+02, 2.32674072e+02, 2.06760590e+02, 2.36481186e+02,
       5.11183838e+02, 1.66851242e+02, 4.68429901e+02, 1.70308868e+02,
       4.25549591e+02, 1.73681717e+02, 3.82108337e+02, 1.77197464e+02,
       3.37874847e+02, 1.80617844e+02, 2.93393951e+02, 1.84162964e+02,
       2.48438522e+02, 1.87504196e+02, 2.02766998e+02, 1.91070496e+02,
       5.07677155e+02, 1.23063484e+02, 4.65000153e+02, 1.26340897e+02,
       4.22149384e+02, 1.29396378e+02, 3.78441864e+02, 1.32526596e+02,
       3.34397247e+02, 1.35704956e+02, 2.89631134e+02, 1.38896271e+02,
       2.44484039e+02, 1.42204498e+02, 1.98725067e+02, 1.45413681e+02,
       5.04396149e+02, 7.92698898e+01, 4.61846191e+02, 8.20600433e+01,
       4.18569977e+02, 8.49898224e+01, 3.74787445e+02, 8.79483643e+01,
       3.30566345e+02, 9.10143738e+01, 2.85820221e+02, 9.37947006e+01,
       2.40570633e+02, 9.67190170e+01, 1.94752548e+02, 9.96651611e+01,
       5.01034393e+02, 3.53123894e+01, 4.58284088e+02, 3.78038101e+01,
       4.15086426e+02, 4.04900284e+01, 3.71115814e+02, 4.32932701e+01,
       3.26960022e+02, 4.58555031e+01, 2.82075500e+02, 4.85310173e+01,
       2.36676132e+02, 5.11840210e+01, 1.90712219e+02, 5.37878304e+01 ] ]
   - [ [ 5.29482483e+02, 2.50772842e+02, 4.82202637e+02, 2.45364288e+02,
       4.36263519e+02, 2.40011932e+02, 3.91457764e+02, 2.34768784e+02,
       3.48031738e+02, 2.29815887e+02, 3.05478668e+02, 2.24725357e+02,
       2.63767914e+02, 2.19692688e+02, 2.23934357e+02, 2.15044266e+02,
       5.34719421e+02, 2.04336853e+02, 4.87607574e+02, 1.99587982e+02,
       4.41720367e+02, 1.94810349e+02, 3.96898285e+02, 1.90269211e+02,
       3.53652344e+02, 1.85949600e+02, 3.11589935e+02, 1.81635178e+02,
       2.70059448e+02, 1.77175934e+02, 2.29852753e+02, 1.72899887e+02,
       5.40172668e+02, 1.58315826e+02, 4.93107880e+02, 1.54296677e+02,
       4.47328430e+02, 1.50129700e+02, 4.02626160e+02, 1.46132401e+02,
       3.59372070e+02, 1.42343658e+02, 3.17195892e+02, 1.38526428e+02,
       2.75898987e+02, 1.34679672e+02, 2.35933487e+02, 1.31190964e+02,
       5.45443970e+02, 1.12775642e+02, 4.98481598e+02, 1.09228844e+02,
       4.52770050e+02, 1.05779259e+02, 4.08343353e+02, 1.02528015e+02,
       3.65179993e+02, 9.94395370e+01, 3.23050110e+02, 9.61163864e+01,
       2.82011383e+02, 9.29424515e+01, 2.41894073e+02, 8.97971802e+01,
       5.50649231e+02, 6.76363983e+01, 5.03740387e+02, 6.47596741e+01,
       4.58312073e+02, 6.18513031e+01, 4.13828430e+02, 5.93731384e+01,
       3.70745514e+02, 5.66113548e+01, 3.28691833e+02, 5.38972130e+01,
       2.87644684e+02, 5.12824135e+01, 2.48003357e+02, 4.88681564e+01 ] ]
   - [ [ 5.48881348e+02, 2.07083923e+02, 5.09876678e+02, 2.15293594e+02,
       4.69708374e+02, 2.23587006e+02, 4.28070068e+02, 2.32332077e+02,
       3.85434021e+02, 2.41215179e+02, 3.41699677e+02, 2.50196289e+02,
       2.96691620e+02, 2.59397156e+02, 2.49619095e+02, 2.68926819e+02,
       5.39951233e+02, 1.64082550e+02, 5.00403015e+02, 1.71653168e+02,
       4.60229218e+02, 1.79391541e+02, 4.18721832e+02, 1.87331543e+02,
       3.75673920e+02, 1.95539597e+02, 3.31551971e+02, 2.03900757e+02,
       2.86562622e+02, 2.12333679e+02, 2.39734436e+02, 2.21148209e+02,
       5.30138062e+02, 1.21341286e+02, 4.90665710e+02, 1.28356674e+02,
       4.50580078e+02, 1.35318039e+02, 4.08822571e+02, 1.42590164e+02,
       3.66291351e+02, 1.49919403e+02, 3.22007111e+02, 1.57581619e+02,
       2.76711365e+02, 1.65433670e+02, 2.29744797e+02, 1.73486786e+02,
       5.20433411e+02, 7.89487991e+01, 4.81489502e+02, 8.51020737e+01,
       4.40813843e+02, 9.16343536e+01, 3.99369202e+02, 9.82604218e+01,
       3.56309509e+02, 1.05210442e+02, 3.12308502e+02, 1.11878227e+02,
       2.66726807e+02, 1.19075562e+02, 2.19933334e+02, 1.26256104e+02,
       5.10880005e+02, 3.67430573e+01, 4.71497131e+02, 4.24318542e+01,
       4.31356262e+02, 4.81986160e+01, 3.89416870e+02, 5.42617798e+01,
       3.46662262e+02, 6.03180046e+01, 3.02552124e+02, 6.64241333e+01,
       2.57193176e+02, 7.26285706e+01, 2.10177094e+02, 7.93891907e+01 ] ]
   - [ [ 4.67772919e+02, 2.34528488e+02, 4.21432129e+02, 2.30203827e+02,
       3.76663940e+02, 2.26049286e+02, 3.33365173e+02, 2.21937195e+02,
       2.91423920e+02, 2.18039871e+02, 2.50333313e+02, 2.14193298e+02,
       2.10255981e+02, 2.10426163e+02, 1.72319351e+02, 2.06670593e+02,
